MAIN_ID,RA,DEC,SP_TYPE,U,A_U,B,A_B,V,A_V,R,A_R,I,A_I,J,A_J,H,A_H,K,2MASS_FLAG,A_K,W1,A_W1,W2,A_W2,F9,F9_FLAG,W3,A_W3,F18,F18_FLAG,W4,WISE_FLAG,A_W4,25,60,100,450,850,890,1300,2600,2700,7000,13000,36000
 ab aur,04 55 45,+30 33 04,A0Ve,7.1999998,0.531189891,7.1599998,0.45146338,7.0500002,0.340998936,6.96,0.255509062,6.6999998,0.163295265,5.936,0.096056038,5.062,0.059938968,4.23,000,0.036693407,3.289,0.017994498,1.669,0.011120528,18.879999,3,0.542,0.009295343,26.030001,3,-1.723,0h0h ,0.006066169,52.7,118,138,1.97,0.326333,0.3087,0.0515,,0.014,,,
 ak sco,16 54 44,-36 53 18,F5Ve,9.8000002,1.01409351,9.6300001,0.861887794,9,0.651000355,9.1999998,0.487791815,,0.311746649,7.676,0.183380382,7.059,0.114429358,6.503,000,0.070051306,5.482,0.034353258,5.064,0.021230176,2.032,3,3.013,0.01774572,2.87,3,0.899,hh00 ,0.011580911,,,,,,,,,,,,
AS 310,18 33 21,-04 58 04,B1e,13.51,6.422588732,13.52,5.458619718,12.45,4.123,11.28,3.089346479,10.62,1.974394366,8.04,1.161408451,7.27,0.724718873,6.39,000,0.443658028,7.099,0.217570516,6.332,0.134457708,      null|, null,0.223,0.112389496,      null|,null,  null ,HHHH ,0.073345731,,,,,,,,,,,,
 V2018 Cyg,20 46 45,+43 45 11,B9e,,3.476894009,12.27,2.955045541,11.61,2.232002483,,1.67243003,,1.06884626,10.603,0.628733094,10.236,0.392329451,9.815,000,0.240176042,9.118,0.117782666,8.033,0.072789216,2.068,3,2.25,0.060842501,7.517,3,-0.255,000h ,0.039706004,,,,,,,,,,,,
 V1977 Cyg,20 47 37,+43 47 24,B8Ve,11.9,3.621764432,11.56,3.078172302,10.9,2.325002483,10.18,1.742114537,9.9499998,1.113381471,8.653,0.654930277,7.701,0.408676493,6.623,000,0.250183366,5.335,0.122690272,4.32,0.075822097,2.557,3,2.974,0.063377603,2.298,3,1.357,hhhH ,0.041360419,,,,,,,,,,,,
 HD 245185,05 35 09,+10 01 51,A0Vae,9.98,0.386321127,9.97,0.328338028,9.89,0.248,9.71,0.185825352,9.68,0.118760563,9.291,0.069859155,8.764,0.043592113,8.02,000,0.026686197,6.893,0.013086948,6.129,0.008087682,2.392,3,2.469,0.00676027,4.476,3,0.513,0000,0.004411773,6.8,5.5,4.6,,,,,0.0065,,,,
 bd +41 3731,20 24 15,+42 18 01,B5,,0.719523099,9.94,0.611529577,9.931,0.4619,9.93,0.346099718,,0.221191549,9.629,0.130112676,9.624,0.08119031,9.632,000,0.049703042,9.509,0.024374441,9.426,0.015063307,      null|, null,8.042,0.012591004,      null|,null,5.36,HHdh ,0.008216928,,,,,,,,,,,,
 bd +65 1637,21 42 50,+66 06 35,B4,10.23,2.800828169,10.6,2.380450704,10.18,1.798,9.66,1.347233803,9.39,0.861014085,8.973,0.506478873,8.729,0.316042817,8.474,000,0.19347493,7.901,0.094880376,7.509,0.058635692, ,0,6.174,0.049011961,7.893,3,0.339,hddd ,0.031985356,,,,,,,0.02,,,,,
 bf ori,05 37 13,-06 35 00,A2,11.08,1.255543662,10.73,1.067098592,10.41,0.806,10.09,0.603932394,9.75,0.385971831,9.113,0.227042254,8.565,0.141674366,7.897,000,0.086730141,6.88,0.042532582,6.101,0.026284965,      null|, null,3.591,0.021970879,      null|,null,2.196,0000,0.014338263,0.8,1.7,,,,,0.07,,,,,
 bh cep,22 01 42,+69 44 36,F5IIIe,12,1.014092958,11.79,0.861887324,11.16,0.651,10.63,0.487791549,9.98,0.311746479,9.686,0.183380282,8.993,0.114429296,8.31,000,0.070051268,7.32,0.034353239,6.846,0.021230164,0.4807,3,4.684,0.01774571,0.7669,3,2.225,0000,0.011580905,,,,,,,,,,,,
 HD 245465,05 36 29,+06 50 02,F4e,10.26,0.386321127,10.14,0.328338028,9.67,0.248,9.21,0.185825352,9.18,0.118760563,8.604,0.069859155,8.371,0.043592113,8.231,000,0.026686197,8.18,0.013086948,8.185,0.008087682,      null|, null,8.129,0.00676027,      null|,null,8.131,0000,0.004411773,,,,,,,,,,,,
 bo cep,22 16 54,+70 03 45,F5Ve,12.13,0.676061972,12.16,0.574591549,11.6,0.434,11.06,0.325194366,10.58,0.207830986,10.319,0.122253521,9.849,0.076286197,9.581,000,0.046700845,8.853,0.02290216,8.501,0.014153443,0.08411,3,7.006,0.011830473,0.1178,3,3.855,hh0d ,0.007720603,,,,,,,,,,,,
 cq tau,05 35 58,+24 44 54,F3,11.48,1.883315493,11.03,1.600647887,10.27,1.209,9.53,0.905898592,9.53,0.578957746,7.926,0.34056338,7.06,0.212511549,6.173,000,0.130095211,5.328,0.063798873,4.428,0.039427448,4.855,3,1.775,0.032956318,12.88,3,-0.795,0000,0.021507395,,,,,,,0.018,,,,,
 cq uma,13 40 21,+57 12 27,A2IVpSrCr,,0.226963662,6.383,0.192898592,6.276,0.1457,6.22,0.109172394,,0.069771831,6.152,0.041042254,6.211,0.025610366,6.197,000,0.015678141,6.203,0.007688582,6.12,0.004751513,0.1933,3,6.246,0.003971659, ,0,6.056,0000,0.002591917,,,,,,,,,,,,
 hd 53367,07 04 25,-10 27 15,B0IV/Ve,6.8099999,3.573470699,7.4000001,3.037126995,6.96,2.294000177,,1.71888464,,1.098535296,6.332,0.646197233,6.22,0.403227073,6.117,000,0.246847343,5.104,0.121054282,4.647,0.074811061,1.065,3,4.167,0.062532506, ,0,1.019,hhhd ,0.040808906,23,57.3,,,,,0.1,,,,,
 hd 150193,16 40 17,-23 53 45,A0Ve,9.6899996,2.559376175,9.3199997,2.175238341,8.79,1.642999172,8.4099998,1.231092337,,0.786788336,6.947,0.462816668,6.214,0.288797601,5.476,000,0.176795967,4.441,0.086700989,3.552,0.053580864,13,3,1.03,0.044786769, ,0,-0.567,HHHH ,0.029227983,16,8.9,,0.17,0.0705,,0.02,0.0137,,,,
 hd 163296,17 56 21,-21 57 21,A1Vep,7,0.241450336,6.9299998,0.205210954,6.8499999,0.154999763,6.8600001,0.116140668,6.6700001,0.074225239,6.195,0.043661905,5.531,0.027245029,4.779,000,0.016678848,3.737,0.00817933,2.918,0.005054793,15.020001,3,0.638,0.004225163, ,0,-0.764,hhhh ,0.002757354,24.2,30,32.4,5.72,1.45667,,0.6005,,,,,
 hd 200775,21 01 36,+68 09 47,B3,7.39,2.84911831,7.77,2.421492958,7.37,1.829,6.84,1.370461972,6.35,0.875859155,6.111,0.515211268,5.465,0.321491831,4.651,000,0.196810704,3.35,0.096516244,1.235,0.059646652,11.31,3,1.03,0.049856994, ,0,-2.016,HHHH ,0.032536828,89.2,652,,,,,0.02,,,,,
 hd 250550,06 01 59,+16 30 56,B9e,9.34,0.627771831,9.61,0.533549296,9.54,0.403,9.32,0.301966197,9.24,0.192985915,8.475,0.113521127,7.528,0.070837183,6.635,000,0.04336507,5.649,0.021266291,4.809,0.013142483,2.973,3,2.374,0.010985439,6.514,3,0.051,0000,0.007169132,11.3,7.9,11.7,,,,0.04,,,,,
 hd 259431,06 33 05,+10 19 19,B2,8.3900003,2.173053924,8.9499998,1.846899356,8.7200003,1.39499845,8.8999996,1.045266444,,0.668027427,7.454,0.39295731,6.666,0.245205361,5.726,000,0.150109692,4.456,0.073614003,3.13,0.045493159,11.49,3,1.444,0.038026479,11.8,3,-0.499,hdhh ,0.024816197,23.5,114,176,,,,,,,,,
 hk ori,05 31 28,+12 09 10,A2?e+G0?e,12.27,2.221346479,12.23,1.887943662,11.71,1.426,11.01,1.068495775,10.72,0.682873239,9.408,0.401690141,8.311,0.250654648,7.341,000,0.153445634,6.163,0.075249953,5.033,0.04650417,2.708,3,2.529,0.038871555,2.882,3,0.897,HHHH ,0.025367696,4.7,,,,,,0.1,,,,,
 AS 220,17 10 08,-27 15 18,A5,12.58,2.511087324,12.11,2.134197183,11.45,1.612,10.61,1.207864789,9.88,0.771943662,9.072,0.454084507,7.233,0.283348732,5.795,000,0.173460282,4.441,0.085065164,3.504,0.052569931,9.1,3,1.379,0.043941758,8.276,3,-0.01,0h0h ,0.028676526,11.1,6.7,,,0.091,,0.05,,,,,
 lkh 112,18 04 22,-24 22 09,B2Ve,9.4099998,1.868827566,10.183,1.58833446,10.016,1.199699432,,0.898929716,9.6239996,0.574503954,9.085,0.337943502,8.862,0.210876745,8.562,000,0.129094418,7.513,0.063308083,6.995,0.039124142,      null|, null,4.593,0.032702793,      null|,null,0.773,dddd ,0.021341943,,,,,,,,,,,,
 lkh 115,18 04 50,-24 25 41,B7e,,2.612495441,12.38,2.220384913,11.949,1.677099243,,1.256643377,11.198,0.803117947,10.453,0.472422322,10.162,0.294791529,9.728,0c0,0.180465327,9.162,0.088500448,8.533,0.054692923,      null|, null,4.683,0.045716308,      null|,null,1.16,dDdd ,0.029834603,,,,,,,,,,,,
 lkh 118,18 05 49,-24 15 20,B1,11.85,5.456785915,12.07,4.637774648,11.2,3.503,10.18,2.624783099,9.47,1.677492958,8.721,0.986760563,8.248,0.615738592,7.9,000,0.376942535,7.349,0.184853146,7.09,0.114238504,      null|, null,6.607,0.09548882,      null|,null,5.475,hhh0 ,0.062316298,,,,,,,,,,,,
 lkh 119,18 05 56,-24 16 00,B1Ve,,12.43470924,13,10.56837856,10.685,7.982498699,17.299999,5.981252546,,3.822605011,9.859,2.248591183,9.454,1.403120898,9.214,000,0.858961832,8.665,0.421236082,8.384,0.260322212,      null|, null,7.74,0.217596169,      null|,null,7.993,hhhd ,0.14200393,,,,,,,,,,,,
 lkh 131,20 46 36,+43 44 35,Be,,5.69823662,14.5,4.842985915,13.46,3.658,13.9,2.740923944,,1.75171831,11.153,1.030422535,10.738,0.642983662,10.382,000,0.393621408,10.48,0.193032488,10.214,0.119293305,      null|, null,8.896,0.099713989,      null|,null,7.049,0ddH ,0.065073656,,,,,,,,,,,,
 lkh 132,20 46 41,+43 46 48,B4,,4.973884598,16,4.227352113,15.13,3.193,15.3,2.392501408,,1.529042254,12.6,0.89943662,12.202,0.561248451,11.945,000,0.343584789,11.723,0.16849446,11.588,0.104128902,      null|, null,11.278,0.087038482,      null|,null,8.736,00DH ,0.056801581,,,,,,,,,,,,
 lkh 134,20 48 04,+43 47 25,B3,,2.607667606,11.77,2.21628169,11.42,1.674,,1.254321127,,0.801633803,9.457,0.471549296,8.867,0.294246761,8.24,0s0 ,0.180131831,7.169,0.088336901,6.554,0.054591851,3.444,3,  null ,0.045631825,10.64,3,-0.619,hhhh ,0.02977947,,,,,,,,,,,,
 lkh 135,20 48 20,+43 39 48,B7e,,2.945698592,11.6,2.503577465,11.1,1.891,,1.41691831,,0.905549296,8.717,0.532676056,7.745,0.332389859,6.782,000,0.203482254,5.395,0.099787981,4.401,0.061668573,3.353,3,2.499,0.051547062,3.465,3,0.821,0hoo ,0.033639771,,,,,,,,,,,,
 lkh 147,20 51 02,+43 49 31,B2e,,8.383172061,15.869,7.12493828,14.353,5.381602318,,4.032411878,12.147,2.577105335,10.565,1.515944315,9.997,0.945949252,9.483,000,0.579090728,8.959,0.283986902,8.567,0.175502768,      null|, null,7.625,0.146697931,      null|,null,6.382,0000,0.095735522,,,,,,,,,,,,
 lkh 167,20 52 04,+44 37 30,A1/9e,17,9.175126761,17.27,7.798028169,15.34,5.89,13.49,4.413352113,,2.82056338,10.234,1.65915493,9.059,1.035312676,8.12,000,0.633797183,6.482,0.310815023,5.646,0.19208244,1.578,3,3.329,0.160556423,1.401,3,1.84,0h00 ,0.104779616,,,,,,,,,,,,
 lkh 168,20 52 06,+44 17 16,F6III,15.78,3.621760563,14.73,3.078169014,13.48,2.325,12.27,1.742112676,,1.113380282,10.265,0.654929577,9.229,0.408676056,8.338,000,0.250183099,6.904,0.122690141,6.221,0.075822016,1.021,3,3.733,0.063377535,1.307,3,1.726,0h00 ,0.041360375,,,,,,,,,,,,
 lkh 169,20 52 07,+44 03 44,B3V(e),,4.780724865,11.1,4.063183881,10.3,3.069000591,,2.299589175,,1.469662255,8.901,0.864507209,8.698,0.539452498,8.623,000,0.330241754,8.549,0.161951017,8.545,0.10008508,      null|, null,7.871,0.083658363,      null|,null,4.393,0h00 ,0.054595705,,,,,,,,,,,,
 lkh 176,20 52 58,+44 15 03,B5ne,,4.40405775,12.872,3.743050891,12.1,2.827198013,,2.118407525,10.992,1.353869471,10.216,0.796393807,9.942,0.496949735,9.664,000,0.304222434,9.129,0.149191106,8.746,0.092199506,      null|, null,7.643,0.077067029,      null|,null,6.773,0h00 ,0.05029418,,,,,,,,,,,,
 lkh 183,20 55 10,+45 03 02,B1:Ve,,4.442692958,12.77,3.775887324,12.11,2.852,11.16,2.136991549,,1.365746479,10.303,0.803380282,9.989,0.501309296,9.711,000,0.306891268,9.298,0.150499906,8.982,0.093008339,      null|, null,8.028,0.07774311,      null|,null,6.159,0000,0.050735393,,,,,,,,,,,,
 lkh 192,20 59 17,+44 17 46,B0e,,8.214152958,15.617,6.981287324,14.216,5.2731,16.5,3.951111549,12.176,2.525146479,10.393,1.485380282,9.7,0.926877296,9.084,sss ,0.567415268,8.459,0.278261239,8.141,0.171964332,0.05721,3,7.372,0.14374025, ,0,5.908,0d00 ,0.09380533,,,,,,,,,,,,
 lkh 193,20 59 31,+44 35 44,Be,,2.221346479,13.99,1.887943662,13.67,1.426,11.74,1.068495775,,0.401690141,11.971,0.250654648,11.648,0.153445634,11.42,000,0.075249953,11.034,0.04650417,10.777,0.038871555,      null|, null,10.446,0.025367696,      null|,null,8.825,0o00 ,0.047426578,,,,,,,,,,,,
 lkh 194,21 01 40,+44 19 44,B3e,,2.317926761,14.03,1.970028169,13.74,1.488,12.81,1.114952113,,0.71256338,12.01,0.41915493,11.716,0.261552676,11.402,000,0.160117183,10.753,0.07852169,10.432,0.04852609,      null|, null,9.499,0.040561623,      null|,null,8.646,dd00 ,0.02647064,,,,,,,,,,,,
 lkh 198,00 11 25,+58 49 28,B9e,15.54,4.925594366,15.14,4.186309859,14.18,3.162,12.94,2.369273239,11.79,1.514197183,9.988,0.890704225,7.889,0.557994366,6.29,000,0.340249014,4.677,0.166858592,3.304,0.103117942,9.475,3,0.627,0.086193448,29.860001,3,-2.249,HHHH ,0.05625011,101,140,207,0.22,,,0.4E,,0.024,,,
 lkh 201,00 43 25,+61 38 23,B2e,15.01,6.905490141,14.85,5.869042254,13.64,4.433,12.39,3.321628169,,2.12284507,10.716,1.248732394,10.285,0.779209014,9.849,000,0.477015775,9.317,0.233929202,8.934,0.14456731,      null|, null,8.083,0.120839834,      null|,null,7.352,0000,0.078860448,,,,,,,,,,,,
 lkh 208,06 07 49,+18 39 26,A4,12.38,1.448704225,12.07,1.231267606,11.65,0.93,11.33,0.69684507,11.02,0.445352113,10.254,0.261971831,9.834,0.163470423,9.245,000,0.100073239,7.915,0.049076056,6.571,0.030328806,3.093,3,2.524,0.025351014, ,0,0.766,0000,0.01654415,4.5,5.9,26.2,,,,,,,,,
 lkh 215,06 32 41,+10 09 33,B6e,11.11,3.138859155,11.06,2.667746479,10.54,2.015,9.86,1.509830986,9.27,0.964929577,8.598,0.567605634,7.821,0.354185915,7.034,000,0.216825352,5.426,0.106331455,4.727,0.065712414,17.940001,3,2.966,0.054927197,13.67,3,0.657,HHHH ,0.035845658,8.2,86.9,315,,,,,,,,,
 lkh 218,07 02 42,-11 26 11,A0e,12.55,2.028185915,12.29,1.723774648,11.87,1.302,11.38,0.975583099,11.09,0.623492958,10.255,0.366760563,9.419,0.228858592,8.577,000,0.140102535,7.297,0.068706479,6.39,0.042460329,0.8827,3,3.905,0.03549142,0.9215,3,2.22,0h00 ,0.02316181,,,,,,,,,,,,
 lkh 220,07 04 06,-11 26 08,B8e,12,1.786735211,12.09,1.51856338,11.81,1.147,11.41,0.859442254,10.91,0.549267606,10.763,0.323098592,10.022,0.201613521,9.116,000,0.123423662,7.884,0.060527136,7.08,0.037405528,0.8885,3,3.907,0.031266251,1.107,3,2.054,0hhh ,0.020404451,,,,,,,,,,,,
 lkh 257,21 54 18,+47 12 09,B5/A2e,,2.173056338,13.3,1.846901408,12.99,1.395,12.61,1.045267606,,0.668028169,11.278,0.392957746,10.494,0.245205634,9.725,000,0.150109859,8.867,0.073614085,8.345,0.04549321,0.09002,3,6.329,0.038026521,0.3178,3,3.065,HHd0 ,0.024816225,,,,,,,,,,,,
 lkh 259,23 58 41,+66 26 12,A9e,16.75,6.084557746,16.55,5.171323944,15.02,3.906,13.34,2.926749296,,1.870478873,10.692,1.10028169,9.889,0.686575775,9.265,000,0.420307606,7.99,0.206119437,7.066,0.127380987,9.892,3,3.197,0.106474259,10.26,3,0.227,0hhh ,0.069485429,,,,,,,,,,,,
 lkh 324,21 03 54,+50 15 09,B8,14.4,5.843107042,13.77,4.966112676,12.65,3.751,11.57,2.810608451,10.76,1.796253521,10.02,1.056619718,9.815,0.659330704,9.574,00c ,0.403628732,8.743,0.197940094,8.177,0.122326186,7.476,3,4.177,0.10224909, ,0,1.968,hhdd ,0.066728071,,,,,,,,,,,,
 lkh 339,06 10 57,-06 14 39,A1e,14.75,4.056371831,14.53,3.447549296,13.66,2.604,12.77,1.951166197,12.11,1.246985915,11.386,0.733521127,10.64,0.457771718,9.725,000,0.28020507,8.171,0.137412958,7.256,0.084920658,1.415,3,3.712,0.070982839,2.047,3,1.58,hhhd ,0.04632362,,,,,,,,,,,,
 lkh 341,06 30 50,+10 33 09,F3e,14.28,2.84911831,14.35,2.421492958,13.39,1.829,12.43,1.370461972,,0.875859155,9.374,0.515211268,8.439,0.321491831,8.071,000,0.196810704,7.78,0.096516244,7.624,0.059646652,      null|, null,7.34,0.049856994,      null|,null,6.926,0000,0.032536828,,,,,,,,,,,,
 lkh 350,22 49 07,+62 11 08,B8e,16.42,9.754608451,15.97,8.290535211,14.04,6.262,,4.692090141,,2.998704225,9.578,1.763943662,8.869,1.100700845,8.316,000,0.673826479,7.777,0.330445446,7.432,0.204213963,0.1235,3,6.748,0.170696828, ,0,6.391,hh00 ,0.111397276,,,,,,,,,,,,
 HBC 1,00 07 02,+65 38 38,F4?,17.34,0.57948169,17.27,0.492507042,16.76,0.372,16.57,0.278738028,,0.178140845,10.907,0.104788732,8.902,0.065388169,7.263,000,0.040029296,5.507,0.019630423,4.306,0.012131523,3.402,3,1.985,0.010140406,7.517,3,-0.225,hh0h ,0.00661766,,,,,,,,,,,,
 mwc 137,06 18 45,+15 16 52,B0e,12.75,7.774712676,13.31,6.607802817,12,4.991,10.2,3.739735211,9.21,2.390056338,8.762,1.405915493,7.84,0.877291268,6.623,000,0.537059718,4.737,0.263374836,3.655,0.162764594, ,0,1.839,0.136050442,20.4,3,-0.385,hhhd ,0.088786938,25.7,245,519,,,,0.19,,0.0057,,,
 mwc 297,18 27 39,-03 49 52,B3,15.57,10.72041127,14.34,9.111380282,12.31,6.882,11.34,5.156653521,,3.295605634,6.127,1.938591549,4.387,1.209681127,3.041,0d0 ,0.740541972,-1.163,0.363162817,-1.865,0.224433167, ,0,-2.022,0.187597504,218.300003,3,-4.721,HHHH ,0.122426709,224,914,2200,1.45,0.57,,0.11,,,,,
 mwc 342,20 23 03,+39 29 50,B[e],11.62,5.022172806,11.5,4.268392801,10.6,3.223998817,,2.415728691,,1.543886758,6.979,0.908168681,5.8,0.566697257,4.679,000,0.346920436,2.1,0.170130266,0.246,0.105139823,46.57,3,-0.241,0.087883483,44.919998,3,-1.817,HHHH ,0.057353032,,,,,,,,,,,,
 mwc 930,18 26 25,-07 13 17,B5/9e,,9.030256338,14.56,7.674901408,12.83,5.797,10.69,4.343667606,,2.776028169,6.652,1.632957746,5.81,1.018965634,5.262,000,0.623789859,3.908,0.305907418,3.267,0.18904956,3.251,3,3.014,0.158021321, ,0,2.012,0000,0.103125201,,,,,,,,,,,,
 mwc 1080,23 17 25,+60 50 43,B0eq,13.02,8.01616338,12.88,6.813014085,11.52,5.146,9.98,3.855876056,8.73,2.46428169,7.461,1.449577465,5.98,0.904536338,4.826,000,0.553738592,2.21,0.271554178,0.795,0.167819395,21.6,3,0.344,0.140275611,17.24,3,-0.984,0hoo ,0.091544296,28.4,150,246.2,3.79,0.275,,0.54E,,0.011,,,
 mx ori,05 35 21,-05 09 16,F8Ve,,0.738839155,10.927,0.627946479,10.254,0.4743,,0.355390986,,0.227129577,8.315,0.133605634,7.684,0.083369915,7.101,000,0.051037352,6.304,0.025028789,5.862,0.015467691,0.7269,3,5.22,0.012929017, ,0,4.012,hdOO ,0.008437516,,,,,,,,,,,,
 nv ori,05 35 31,-05 33 08,F0,,5.427811831,11.623,4.613149296,10.189,3.4844,,2.610846197,,1.668585915,8.799,0.981521127,8.257,0.612469183,7.642,000,0.37494107,6.989,0.183871624,6.375,0.113631928,1.247,3,3.431,0.094981799, ,0,1.589,hhhD ,0.061985415,,,,,,,,,,,,
 r mon,06 39 09,+08 44 09,B8IIIe,12.45,3.621760563,12.81,3.078169014,12.15,2.325,11.19,1.742112676,10.98,1.113380282,9.686,0.654929577,8.028,0.408676056,6.384,000,0.250183099,3.018,0.122690141,-0.035,0.075822016,34.07,3,-0.202,0.063377535,79.239998,3,-2.717,0h00 ,0.041360375,139,132,163,,,,0.1,,,,,
 r cra,19 01 53,-36 57 07,B5IIIpe,12.781,4.220559305,12.651,3.587093803,11.917,2.709400639,11.242,2.03014245,10.412,1.297459461,6.935,0.763211447,4.951,0.476243943,2.858,000,0.291546773,-0.276,0.142974944,-1.26,0.088357943,88.349998,3,-1.239,0.073855972, ,0,-4.016,HHHH ,0.048198635,263,612,1210,,,,,,,,,
 rr tau,05 39 30,+26 22 26,A0:IVe,13.08,3.042278873,12.71,2.585661972,12.08,1.953,11.37,1.463374648,10.78,0.935239437,9.685,0.550140845,8.416,0.343287887,7.389,000,0.210153803,6.014,0.103059718,5.285,0.063690493,1.365,3,3.571,0.05323713,1.367,3,1.723,HHHH ,0.034742715,2.5,5.1,40.3,,,,0.02,,,,,
 sv cep,22 21 33,+73 40 27,A0,11.63,1.883315493,11.37,1.600647887,10.98,1.209,10.58,0.905898592,10.04,0.578957746,9.35,0.34056338,8.56,0.212511549,7.744,000,0.130095211,6.726,0.063798873,5.935,0.039427448,2.527,3,2.55,0.032956318,3.459,3,0.742,0000,0.021507395,,,,,,,,,,,,
 t cra,19 01 58,-36 57 49,F0,,4.201242254,14.02,3.570676056,12.84,2.697,11.84,2.020850704,,1.291521127,8.928,0.75971831,7.703,0.474064225,6.598,000,0.290212394,6.92,0.142320563,5.587,0.087953538,4.674,3,2.301,0.073517941, ,0,-1.11,HHHH ,0.047978035,,,,,,,,,,,,
 t ori,05 35 50,-05 28 34,A3IVeb,11.64,2.124766197,11.16,1.805859155,10.63,1.364,10.02,1.022039437,9.67,0.653183099,8.271,0.384225352,7.236,0.23975662,6.216,000,0.146774085,5.012,0.071978216,4.586,0.044482249,      null|, null,2.73,0.037181487,      null|,null,0.64,HHHH ,0.024264753,,,,,,,,,0.13,,,
 t cha,11 57 13,-79 21 31,F5,13.01,4.056371831,12.23,3.447549296,10.97,2.604,,1.951166197,,1.246985915,8.955,0.733521127,7.86,0.457717183,6.954,000,0.28020507,5.857,0.137412958,5.043,0.084920658,0.5992,3,4.663,0.070982839,0.8096,3,2.567,0000,0.04632362,,,,,,,,,,,,
 ty cra,19 01 40,-36 52 33,B9e,,2.414507042,9.962,2.052112676,9.522,1.55,9.23,1.161408451,,0.742253521,7.486,0.436619718,6.97,0.272450704,6.673,000,0.166788732,5.662,0.081793427,4.547,0.050548011, ,0,-1.732,0.04225169,54.09,3,-2.253,HHHH ,0.027573583,57,497,720,,,,,,0.13,,,
 ux ori,05 04 29,-03 47 14,A3,11.01,1.303833803,10.76,1.108140845,10.4,0.837,10.17,0.627160563,9.9,0.400816901,9.06,0.235774648,8.044,0.14712338,7.214,000,0.090065915,6.25,0.044168451,5.513,0.027295926, ,0,2.921,0.022815913,3.112,3,0.92,0000,0.014889735,3.7,2.8,3.8,,,,,,,,,
 hd 38238,05 44 18,+00 08 40,A7IIIe,9.4399996,0.772644096,9.2200003,0.656677622,8.8699999,0.496001183,,0.37165159,,0.237521693,7.95,0.139718643,7.504,0.087184433,6.846,000,0.053372522,5.811,0.026173959,5.069,0.016175402,1.221,3,3.9,0.013520573,1.69,3,1.071,0000,0.008823568,,,,,,,,,,,,
 v376 cas,00 11 26,+58 50 03,A3/F2e,17.19,4.635853521,16.6,3.940056338,15.55,2.976,14.28,2.229904225,,1.425126761,10.994,0.838309859,8.37,0.523105352,6.305,000,0.320234366,8.518,0.15704338,6.355,0.09705218,17.889999,3,3.078,0.081123245,33.799999,3,-0.327,dddd ,0.05294128,92,138,198,,0.14,,0.23E,,0.0023,,,
 v380 ori,05 36 25,-06 42 57,B9,10.85,2.993988732,11.05,2.544619718,10.49,1.922,9.66,1.440146479,9.13,0.920394366,8.107,0.541408451,6.964,0.337838873,5.947,000,0.206818028,4.792,0.10142385,3.723,0.062679533,7.375,3,1.492,0.052392096,7.237,3,0.149,HHHH ,0.034191243,8.8,,,,,,,,0.02,,,
 v451 ori,05 31 26,+11 01 22,B9e,,1.014095721,9.6300001,0.861889672,9.4799995,0.651001774,,0.487792878,,0.311747328,9.181,0.183380781,9.162,0.114429608,9.111,000,0.070051458,9.051,0.034353333,9.013,0.021230222,      null|, null,8.567,0.017745758,      null|,null,7.329,0000,0.011580936,,,,,,,,,,,,
 v517 cyg,20 47 23,+43 44 39,A0/5,,4.283335493,13.786,3.640447887,12.899,2.7497,,2.060338592,,1.316757746,10.775,0.77456338,10.18,0.483327549,9.396,000,0.295883211,7.928,0.14510154,7.209,0.089672171,0.5625,3,4.543,0.074954498,0.5804,3,2.958,000p ,0.048915536,,,,,,,,,,,,
 v590 mon,06 40 44,+09 48 02,B7,12.84,1.303833803,12.93,1.108140845,12.77,0.837,12.46,0.627160563,12.23,0.400816901,11.438,0.235774648,10.448,0.14712338,9.33,000,0.090065915,7.812,0.044168451,6.888,0.027295926,2.024,3,3.219,0.022815913,3.075,3,0.843,h00h ,0.014889735,9.3,,,,,,,,,,,
 v594 cas,00 43 18,+61 54 40,B8eq,10.87,3.090569014,11.13,2.626704225,10.58,1.984,9.82,1.486602817,9.2,0.950084507,8.137,0.558873239,6.917,0.348736901,5.896,000,0.213489577,4.757,0.104695587,3.865,0.064701454,5.028,3,1.777,0.054082163,5.984,3,0.133,hh00 ,0.035294186,10.2,5.3,,,,,,,0.06,,,
 v645 cyg,21 39 58,+50 14 20,A0,,5.311915493,14.57,4.514647887,13.47,3.41,,2.555098592,,1.632957746,10.942,0.96056338,9.209,0.599391549,6.848,000,0.366935211,1.59,0.17994554,-0.156,0.111205623,67.260002,3,-0.915,0.092953718,143,3,-3.203,HHHH ,0.060661883,,,,54.68,6.86,,,,0.0033,-0.00064,0.00091,0.00055
 lkh 225,20 20 30,+41 21 26,A4:Ve,,7.774712676,16.82,6.607828169,15.09,4.991,,3.739735211,,2.390056338,14.302,1.405915493,12.242,0.877291268,10.022,ccc ,0.537059718,1.91,0.263374836,0.304,0.162764594,38.729999,3,-1.691,0.136050442,79.529999,3,-3.159,HHHH ,0.088786938,,,,10.2,2.05,,,,0.024,,,
 v1578 cyg,21 52 34,+47 13 43,A0,9.52,0.386321127,9.97,0.328338028,9.89,0.248,9.74,0.185825352,9.5,0.118760563,8.44,0.069859155,7.54,0.043592113,6.58,000,0.026686197,5.389,0.013086948,4.552,0.008087682,      null|, null,3.493,0.00676027,      null|,null,2.01,hh00 ,0.004411773,1.8,2.6,,,,,,,0.02,,,
 v1685 cyg,20 20 28,+41 21 51,B4,11.2,4.58756338,11.48,3.899014085,10.69,2.945,9.63,2.206676056,8.8,1.41028169,7.904,0.829577465,6.792,0.517656338,5.766,000,0.316898592,  null ,0.155407512,  null ,0.09604122,23.77,3,  null ,0.080278211,24.219999,3,-1.338,dddd ,0.052389808,,,,,,,,,0.22,,,
 v1686 cyg,20 20 29,+41 21 28,F8,16.26,4.056371831,15.42,3.447549296,14.06,2.604,12.64,1.951166197,11.58,1.246985915,9.378,0.733521127,7.691,0.457717183,6.345,000,0.28020507,  null|,0.137412958,  null|,0.084920658,      null|, null,  null|,0.070982839,      null|,null,  null|,null|,0.04632362,119,474,880,,,,,,0.0003,,,
 vv ser,18 28 47,+00 08 39,B6,13.32,5.263625352,12.88,4.473605634,11.92,3.379,10.84,2.531870423,10.15,1.618112676,8.673,0.951830986,7.435,0.593942535,6.321,000,0.363599437,5.179,0.178309671,4.144,0.110194663,4.261,3,2.354,0.092108685,3.259,3,0.988,0h00 ,0.060110411,3.9,5.7,26.9,,,,,,0.02,,,
 vx cas,00 31 30,+61 58 50,A0Vep,11.83,5.263626089,11.59,4.47360626,10.5,3.379000473,11.19,2.531870777,10.94,1.618112903,10.145,0.951831119,9.171,0.593942618,8.214,c00 ,0.363599488,7.115,0.178309696,6.564,0.110194678,0.7554,3,4.157,0.092108697,1.327,3,1.832,0000,0.06011042,,,,,,,,,,,,
 vy mon,06 31 06,+10 26 04,A5:Vep,15.98,7.146940845,15.09,6.074253521,13.47,4.588,11.64,3.437769014,10.49,2.197070423,8.074,1.292394366,6.696,0.806454085,5.457,000,0.493694648,3.646,0.242108545,0.526,0.149622111, ,0,-0.191,0.125065003,56.220001,3,-2.313,HHHH ,0.081617806,,,,10.925,2.215,,,,,,,
 ww vul,19 25 58,+21 12 31,A2IVe,11.56,1.641864789,11.14,1.39543662,10.74,1.054,10.34,0.789757746,9.59,0.504732394,9.092,0.296901408,8.181,0.185266479,7.278,000,0.113416338,6.574,0.055619531,5.907,0.034372647,1.502,3,3.322,0.028731149,1.786,3,1.56,pp00 ,0.018750037,,,,,,,,,,,,
 HBC 324     ,00 07 30,+65 39 52,A7,11.33,0.676061972,11.1,0.574591549,10.77,0.434,,0.325194366,,0.207830986,12.92,0.122253521,12.014,0.076286197,11.004,000,0.046700845,9.067,0.02290216,7.704,0.014153443,0.5359,3,4.16,0.011830473,1.551,3,1.438,0hhh ,0.007720603,,,,,,,,,,,,
 RNO 6      ,02 16 30, +55 22 57,B3,,3.670049231,15.09,3.119210015,14.52,2.355999054,13.74,1.765340136,,1.128224899,12.272,0.663661705,11.789,0.414124904,11.419,000,0.253518771,9.94,0.124325959,9.25,0.076832945,      null|, null,4.9,0.064222543,      null|,null,2.169,hhdd ,0.041911829,,,,,,,,,,,,
 HD 278937,03 40 46,+32 31 53,A3,10.95,1.15896338,10.8,0.985014085,10.47,0.744,10.13,0.557476056,9.87,0.35628169,9.139,0.209577465,8.409,0.130776338,7.589,000,0.080058592,6.591,0.039260845,5.963,0.024263045,0.3827,3,5.194,0.020280811,0.6413,3,2.244,0000,0.01323532,,,,,,,,,,,,
 HD 275877,03 49 36,+38 58 55,A2,10.17,2.076476056,9.7,1.764816901,9.21,1.333,8.72,0.998811268,8.39,0.638338028,7.654,0.375492958,6.917,0.234307606,6.092,000,0.14343831,4.971,0.070342347,4.122,0.043471289,4.302,3,2.574,0.036336454,3.404,3,0.969,0000,0.023713281,,,,,,,,,,,,
 V892 Tau   ,04 18 40,+28 19 15,B8,,7.195230986,16.65,6.115295775,15.25,4.619,13.12,3.460997183,,2.211915493,8.55,1.301126761,6.91,0.811903099,5.94,000,0.497030423,5.144,0.243744413,4.104,0.150633071,17.35,3,-0.21,0.125910037,61.650002,3,-2.51,HHHH ,0.082169278,,,,23.195,0.34,,,,0.042,0.0058,0.0011,0.00048
 HD 31648 ,04 58 46,+29 50 36,A5Vep,7.8400002,0.096581847,7.7800002,0.082085838,7.6199999,0.062001005,7.7600002,0.046457091,7.4299998,0.029690622,6.865,0.017465072,6.262,0.010898205,5.527,000,0.006671657,4.868,0.00327179,3.926,0.002021953,9.118,3,1.665,0.001690095,8.07,3,0.056,0000,0.001102961,,,,2.67,0.66,,,,0.0399,,,
 V1012 Ori  ,05 11 36,-02 22 48,A3e,,1.859170423,12.698,1.580126761,12.223,1.1935,,0.894284507,,0.571535211,10.558,0.336197183,9.676,0.209787042,8.833,000,0.128427324,7.936,0.062980939,7.277,0.038921968,0.2944,3,5.152,0.032533801,0.8722,3,2.087,0000,0.021231659,,,,,,,,,,,,
 HD 34282 ,05 16 00,-09 48 35,A3,10.19,1.110672274,10.16,0.94397101,9.8400002,0.71299938,9.7700005,0.534247423,9.6300001,0.341436323,9.256,0.200844896,8.475,0.125327215,7.678,000,0.07672275,6.79,0.037624944,6.271,0.023252065,0.7356,3,4.428,0.019435761, ,0,0.012683837,0000,0.017647076,,,,2.7,0.36,,,,,,,
 HD 287841,05 24 42,+01 43 48,A8,10.55,0.241450704,10.45,0.205211268,10.17,0.155,9.9899998,0.116140845,9.8000002,0.074225352,9.699,0.043661972,9.188,0.02724507,8.561,000,0.016678873,7.31,0.008179343,6.754,0.005054801, ,0,5.175,0.004225169,0.5896,3,2.233,0000,0.002757358,,,,,,,,,,,,
 HD 35929 ,05 27 42,-08 19 38,F2III,,0.434613847,8.5500002,0.369382474,8.1099997,0.279001656,8.1000004,0.209054762,,0.133606427,7.211,0.078592016,6.974,0.049041418,6.673,000,0.03002215,6.15,0.014722904,5.467,0.009098696, ,0,4.213,0.007605349,0.4686,3,3.391,0000,0.004963274,,,,,,,,,,,,
 HD 36112   ,05 30 27,+25 19 57,A5,,0.77263839,8.5699997,0.656672773,8.2700005,0.49599752,8.3000002,0.371648846,,0.237519939,7.221,0.139717611,6.56,0.087183789,5.804,000,0.053372128,4.684,0.026173766,3.865,0.016175283,4.686,3,2.163,0.013520473,6.302,3,-0.181,0000,0.008823502,,,,1.35,0.1735,,,,0.0059,,,
 HD 244604 ,05 31 57,+11 17 41,A4,,0.289737948,9.6099997,0.246251059,9.4300003,0.18599814,9.3999996,0.13936762,,0.089069532,8.613,0.052393842,7.956,0.032693758,7.123,000,0.020014448,6.54,0.009815113,5.773,0.006065701, ,0,3.405,0.005070152,1.448,3,1.598,0000,0.003308797,,,,,,,,,,,,
 HD 37258  ,05 36 59,-06 09 16,A1,,0.627770865,9.9300003,0.533548475,9.7700005,0.40299938,9.6999998,0.301965733,,0.192985619,8.953,0.113520952,8.406,0.070837074,7.69,000,0.043365004,6.692,0.021266258,6.036,0.013142463,1.749,3,3.56,0.010985423,1.622,3,1.946,0000,0.007169121,,,,,,,,,,,,
 HD 37357 ,05 37 47,-06 42 30,A0e,,0.482898645,8.9499998,0.410420187,8.8500004,0.309998226,,0.232280361,,0.148449855,8.405,0.087323444,7.947,0.054489829,7.368,000,0.033357556,6.647,0.016358592,5.952,0.010109544,1.513,3,3.416,0.00845029,1.671,3,1.494,0000,0.005514685,,,,,,,,,,,,
 V1787 Ori   ,05 38 09,-06 49 16,A5e,,6.615750401,15.26,5.622789672,13.75,4.24700071,,3.182259687,,2.033774988,9.938,1.196338228,8.969,0.746515054,7.978,000,0.457001203,6.489,0.224114028,5.668,0.138501572,2.027,3,3.095,0.11576965,2.493,3,1.343,0000,0.07555163,,,,,,,,,,,,
 HD 37411 ,05 38 14,-05 25 13,B9Ve,10.03,0.869221983,9.9099998,0.738760094,9.79,0.557999645,9.6000004,0.418106776,9.4499998,0.267211098,9.047,0.157182999,8.361,0.098082191,7.579,000,0.060043905,6.489,0.029445615,5.876,0.018197272,0.6662,3,4.211,0.015210599, ,0,1.503,0000,0.009926484,,,,,,,,,,,,
 V599 Ori   ,05 38 58,-07 16 45,F0,,6.664039437,15.39,5.663830986,13.7,4.278,,3.205487324,,2.048619718,9.624,1.205070423,8.595,0.751963944,7.589,000,0.460336901,6.693,0.225749859,6.019,0.139512509,0.6746,3,4.302,0.116614665,1.95,3,1.047,0000,0.076103089,,,,,,,,,,,,
 V350 Ori   ,05 40 11,-09 42 11,A1,12.26,2.028185915,11.92,1.723774648,11.47,1.302,11.03,0.975583099,10.62,0.623492958,10.017,0.366760563,9.236,0.228858592,8.371,000,0.140102535,7.392,0.068706479,6.809,0.042460329,0.5563,3,4.324,0.03549142,1.008,3,2.132,0000,0.02316181,,,,,,,,,,,,
 HD 37806     ,05 41 02,-02 43 00,B9,,0.434611268,7.957,0.369380282,7.927,0.279,7.92,0.209053521,,0.133605634,7.115,0.078591549,6.252,0.049041127,5.4,000,0.030021972,4.576,0.014722817,3.522,0.009098642,8.745,3,1.377,0.007605304,8.34,3,0.026,HHHH ,0.004963245,,,,,,,,,,,,
 HD 52721 ,07 01 49,-11 18 03,B2Vne,5.8800001,1.352123667,6.6500001,1.149182864,6.5900002,0.867999823,,0.650388599,,0.415661887,6.243,0.244506992,6.156,0.152572363,6.038,000,0.093401671,6.04,0.04580431,5.631,0.02830688,0.1159,3,5.071,0.023660942, ,0,2.483,0000,0.015441203,5.4,24.6,,,,,,,,,,
 NX Pup     ,07 19 28,-44 35 11,A1e/F2IIIe,,2.173058733,10.47,1.846903444,9.9899998,1.395001537,,1.045268758,,0.668028905,8.579,0.39295818,7.285,0.245205904,6.08,000,0.150110025,4.587,0.073614166,3.503,0.04549326,5.197,3,2.011,0.038026563,4.652,3,0.597,0h0h ,0.024816252,9.1,14.1,42.2,,,,,,,,,
 V388 Vel,08 42 16, -40 44 10,Ae,,5.548537183,15.976,4.71575493,14.687,3.5619,,2.66891662,,1.705698592,11.552,1.003352113,10.066,0.626091718,8.824,000,0.383280507,6.724,0.187961296,5.796,0.116159328,3.775,3,2.239,0.097094384,6.73,3,-0.388,hhhh ,0.063364094,,,,,,,,,,,,
 HD 76534 ,08 55 08,-43 27 59,B2Vne,7.04,1.641864236,7.6199999,1.39543615,7.5,1.053999645,,0.789757481,,0.504732224,7.818,0.296901309,7.858,0.185266417,7.804,000,0.1134163,7.27,0.055619512,7.138,0.034372636,0.1179,3,6.28,0.02873114, ,0,4.283,0000,0.01875003,0.7,21,70.2,,,,,,,,,
 HD 85567 ,09 50 28,-60 58 02,B2Ve,8.1599998,1.545286349,8.6700001,1.313353678,8.5699997,0.992001183,,0.743302295,,0.47504282,7.472,0.279436953,6.68,0.174368659,5.774,ss0 ,0.106744916,4.603,0.052347856,3.599,0.032350765,5.968,3,1.791,0.027041114,5.179,3,0.46,hhp0 ,0.017647114,,,,,,,,,,,,
 HD 94509 ,10 53 27,-58 25 24,B8e,,0.482897908,9.1499996,0.410419561,9.1400003,0.309997753,,0.232280007,,0.148449628,9.044,0.087323311,8.99,0.054489746,8.929,000,0.033357505,8.549,0.016358567,8.382,0.010109529,      null|, null,7.616,0.008450277,      null|,null,6.05,dddd ,0.005514677,,,,,,,,,,,,
 HD 95881 ,11 01 57,-71 30 48,A1/A2III/IV,,0.531193207,8.3699999,0.451466198,8.2299995,0.341001064,8.1999998,0.255510657,,0.163296284,7.384,0.096056638,6.662,0.059939342,5.734,000,0.036693636,4.506,0.01799461,3.469,0.011120597,6.31,3,1.693,0.009295401,5.074,3,0.523,0h00 ,0.006066207,,,,,,,,,,,,
 HD 97048 ,11 08 03,-77 39 17,A0Vep,,1.492165352,8.764,1.268205634,8.455,0.9579,8.27,0.717750423,,0.458712676,7.267,0.269830986,6.665,0.168374535,5.941,000,0.103075437,4.474,0.050548338,4.467,0.031238671,6.046,3,1.34,0.026111545,17.18,3,-1.32,hhhd ,0.017040474,48.3,77,86.1,,,,,,,,,
 HD 98922 ,11 22 31,-53 22 11,B9,,0.478072394,6.802,0.40631831,6.763,0.3069,6.74,0.229958873,,0.146966197,6.004,0.086450704,5.226,0.053945239,4.28,dd0 ,0.033024169,2.479,0.016195099,0.824,0.010008506,26.58,3,0.06,0.008365835,21.530001,3,-1.06,HHHH ,0.005459569,,,,,,,,,,,,
 HD 100546,11 33 25,-70 11 41,B9Vne,,2.269635883,6.71,1.928985289,6.3000002,1.456999527,6.6999998,1.091723589,6.6399999,0.697718083,6.425,0.410422402,5.962,0.256103579,5.418,000,0.156781358,4.203,0.076885797,3.455,0.047515115,38.470001,3,-0.397,0.039716576,158.5,3,-3.227,HHHH ,0.02591916,,,,,,,,,,,,
 HD 101412,11 39 44,-60 10 27,A0V,,0.854735714,9.4650002,0.726448075,9.2880001,0.548700142,9.3000002,0.411138698,,0.262757814,8.635,0.15456342,8.217,0.096447574,7.466,000,0.059043227,6.126,0.028954881,4.994,0.017894,2.344,3,2.869,0.014957102,2.51,3,1.325,0h00 ,0.009761051,,,,,,,,,,,,
 HD 104237,12 00 05,-78 11 34,A4IVe,,0.434611452,6.8099999,0.369380438,6.5999999,0.279000118,6.5999999,0.20905361,,0.13360569,5.813,0.078591583,5.246,0.049041148,4.585,000,0.030021985,3.803,0.014722823,2.848,0.009098646,13.479999,3,0.927,0.007605307,13,3,-0.518,hhhh ,0.004963247,,,,,,,,,,,,
 Hen 3-847   ,13 01 17,-48 53 18,B5e,,1.014091484,10.65,0.861886071,10.58,0.650999054,,0.48779084,,0.311746026,10.177,0.183380015,9.424,0.114429129,7.805,000,0.070051166,5.221,0.03435319,3.299,0.021230134,26.82,3,0.137,0.017745684,34.5,3,-1.665,0000,0.011580888,,,,,,,,,,,,
 CPD-61 3587B ,13 19 04, -62 34 10,B0,,2.569035493,11.001,2.183447887,10.769,1.6492,10.63,1.235738592,,0.789757746,10.016,0.46456338,9.92,0.289887549,9.799,000,0.177463211,8.644,0.087028207,8.461,0.053783083,      null|, null,5.006,0.044955798,      null|,null,1.118,hhdd ,0.029338292,,,,,,,,,,,,
 HD 130437,14 50 50,-60 17 10,B1Ve,10.2,3.959793576,10.54,3.365466511,9.9799995,2.542001301,,1.904710834,,1.217296398,7.943,0.716056704,7.62,0.446819384,7.276,000,0.273533661,6.747,0.134141289,6.434,0.08289878,0.2825,3,5.653,0.069292807, ,0,4.395,hhdp ,0.045220699,,,,,,,,,,,,
 SS73 44    ,15 03 23,-63 22 58,B6,,3.042278873,13.63,2.585661972,13.13,1.953,,1.463374648,,0.935239437,9.75,0.550140845,8.747,0.343287887,7.822,000,0.210153803,6.483,0.103059718,5.446,0.063690493,1.715,3,2.95,0.05323713,3.733,3,0.609,0h00 ,0.034742715,,,,,,,,,,,,
 HD 132947,15 04 56,-63 07 52,B9V,,0.579483716,9,0.492508764,8.9399996,0.372001301,,0.278739003,,0.178141468,8.735,0.104789099,8.664,0.065388398,8.623,ddc,0.040029436,5.955,0.019630491,5.724,0.012131565,0.512,3,4.653,0.010140441,0.3588,3,3.567,hh00 ,0.006617683,,,,,,,,,,,,
 HD 141569,15 49 57,-03 55 16,A0Ve,7.2199998,0.386320758,7.1999998,0.328337715,7.1199999,0.247999763,7,0.185825175,7.04,0.11876045,6.872,0.069859088,6.861,0.043592071,6.821,000,0.026686172,6.061,0.013086936,6.095,0.008087674,0.5178,3,4.701,0.006760264,0.8655,3,1.861,0000,0.004411769,,,,0.0649,0.0109,,,,,,,
 HD 142666,15 56 40,-22 01 40,A5,9.4099998,1.97989674,9.3699999,1.682733215,8.8199997,1.27100062,8.3100004,0.952355394,8.0100002,0.608648184,7.351,0.358028344,6.739,0.223409686,6.077,000,0.136766827,5.221,0.067070643,4.373,0.041449389,5.152,3,1.601,0.034646403,6.578,3,-0.062,0000,0.022610349,,,,1.14,0.313,,,,,,,
 HD 144432,16 06 57,-27 43 09,A9IVe,8.4700003,0.338031469,8.5299997,0.287296185,8.1899996,0.21700031,7.8200002,0.162597415,7.5300002,0.103915641,7.095,0.061126848,6.538,0.038143153,5.888,000,0.023350456,5.359,0.011451096,4.571,0.007076732, ,0,1.792,0.005915245,7.326,3,0.051,0hp0 ,0.003860307,,,,,0.129,,,,,,,
 HD 144668,16 08 34,-39 06 18,A7IVe,7.6599998,0.820930736,7.4099998,0.697716901,7.0500002,0.526998936,6.9200001,0.394878076,,0.252365688,5.907,0.148450404,5.22,0.092633052,4.386,000,0.056708054,2.438,0.027809709,1.104,0.017186289,16.82,3,0.706,0.014365546, ,0,-0.552,HHHH ,0.009374999,16.8,14.2,58.8,,0.064,,,,0.04,,,
 Hen 3-1191  ,16 27 15,-48 39 26,B0:[e],,0.869222535,13.26,0.738760563,13.38,0.558,11.42,0.418107042,,0.267211268,10.086,0.157183099,8.127,0.098082254,6.304,000,0.060043944,4.146,0.029445634,2.711,0.018197284,19.709999,3,0.56,0.015210608,14.84,3,-0.655,HHHH ,0.00992649,,,,,,,,,,,,
 V921 Sco   ,16 59 06,-42 42 08,B0IVe,12.16,7.629840964,12.28,6.48467496,11,4.897999172,,3.670050084,,2.34552073,7.235,1.379718077,5.918,0.86094408,4.52,0d0 ,0.527052305,-0.125,0.258467186,-0.968,0.159731686,131.899994,3,-1.622,0.133515318,136.5,3,-4.511,HHHH ,0.087132508,288,,,,,,,,0.27,,,
 MWC 300       ,18 29 25,-06 04 37,B1Iae,12.55,6.422587259,12.67,5.458618466,11.6,4.122999054,,3.08934577,,1.974393913,9.309,1.161408184,8.159,0.724718707,6.208,000,0.443657926,3.506,0.217570467,-0.09,0.134457677,77.559998,3,-0.765,0.11238947,95.940002,3,-2.693,HHHH ,0.073345714,,,,,,,,,,,,
 HD 179218,19 11 11,+15 47 15,A0Ve,7.5500002,0.415295045,7.4759998,0.352963239,7.3899999,0.266599894,7.25,0.199762174,7.21,0.127667555,6.994,0.075098562,6.645,0.046861502,5.995,000,0.028687651,4.841,0.014068464,3.872,0.008694254,14.74,3,0.299,0.007267288,27.879999,3,-1.614,hhhh ,0.004742654,,,,,,,,,,,,
 HD 190073,20 03 02,+05 44 16,A2IVe,7.9099998,0.338031539,7.8600001,0.287296244,7.73,0.217000355,7.8000002,0.162597449,7.6500001,0.103915663,7.194,0.06112686,6.647,0.038143161,5.855,000,0.023350461,4.724,0.011451099,3.705,0.007076733,5.734,3,1.746,0.005915246,4.457,3,0.596,0h00 ,0.003860308,,,,,,,,,,,,
 Par 22     ,05 28 56, -06 31 36 ,-,,99.99,13.5,99.99,13.3,99.99,,99.99,,99.99,11.712,99.99,11.385,99.99,11.338,000,99.99,11.256,99.99,11.325,99.99,      null|, null,11.398,99.99,      null|,null,8.912,0000,99.99,,,,,,,,,,,,
 PV Cep     ,20 45 53,+67 57 38,A5,,8.064460153,19.27,6.854061974,17.459999,5.177004257,15.98,3.879107415,14.6,2.479128799,12.453,1.458311058,9.497,0.9099861,7.291,000,0.557074824,5.344,0.273190272,3.61,0.168830494,9.405,3,0.785,0.141120761,20.65,3,-1.225,HHHH ,0.092095843,,,,6.55,1,,,,,,,
 HD 203024  ,21 16 03,+68 54 52,A0,,0.734010141,9.015,0.623842254,8.863,0.4712,8.77,0.353068169,,0.22564507,8.377,0.132732394,8.209,0.082825014,8.12,000,0.050703775,7.607,0.024865202,6.847,0.015366595,2.118,3,2.408,0.012844514,6.987,3,-0.055,0000,0.008382369,,,,,,,,,,,,
 V373 Cep     ,21 43 06,+66 06 54,B8,13.65,4.684143662,13.61,3.981098592,12.73,3.007,11.98,2.253132394,11.2,1.439971831,9.528,0.847042254,8.201,0.528554366,7.081,000,0.323570141,4.688,0.158679249,2.903,0.09806314,5.844,3,1.32,0.081968279,18.719999,3,-1.749,hhdh ,0.053492751,75.5,592,,43.53,8.69,,,,0.92E,,,
 V375 Lac   ,22 34 41,+40 40 04,A4,15.09,3.525180282,14.41,2.996084507,13.56,2.263,12.64,1.695656338,12.11,1.083690141,11.294,0.637464789,10.307,0.397778028,8.921,000,0.243511549,6.547,0.119418404,5.031,0.073800095,2.371,3,2.233,0.061687468,10.22,3,-0.655,0000,0.040257431,21.4,30.4,63.2,,,,,,0.04,,,
 HD 216629,22 53 15,+62 08 44,B3IVe+A3,9.8299999,3.718340477,9.8900003,3.160253208,9.3100004,2.386999763,,1.788568837,,1.143070309,7.547,0.6723943,7.293,0.419574043,7.096,000,0.256854622,5.834,0.125961865,5.082,0.077843929,1.939,3,2.933,0.065067596,1.988,3,1.355,ddhh ,0.042463314,,,,,,,,,,,,
 BHJ 71     ,23 05 07,+62 15 36,B5Vep,10.09,3.573472265,11.5,3.037128326,10.9,2.294001183,,1.718885393,,1.098535778,7.939,0.646197516,7.52,0.40322725,7.091,000,0.246847451,6.97,0.121054335,6.623,0.074811094,0.3227,3,5.581,0.062532534,0.2274,3,3.904,000d ,0.040808924,,,,,,,,,,,,
HD 35187,05 24 01,+24 57 37,A2e+A7,,0.806445352,8.742,0.685405634,8.515,0.5177,8.39,0.387910423,,0.247912676,6.953,0.145830986,6.48,0.090998535,5.911,000,0.055707437,5.222,0.027319005,4.623,0.016883036,      null|, null,2.56,0.014112065,      null|,null,0.274,0000,0.009209577,,,,,,,,,,,,
HD 100453,11 33 05, -54 19 28,A9Ve,,0.033803099,8.072,0.028729577,7.795,0.0217,7.63,0.016259718,,0.010391549,6.945,0.006112676,6.39,0.00381431,5.6,000,0.002335042,4.709,0.001145108,3.666,0.000707672,5.518,3,1.35,0.000591524,18.74,3,-1.346,hhhh,0.00038603,,,,,,,,,,,,
CPD-36 6759,15 15 48,-37 09 16,A0V,,2.42416507,9.21,2.060321127,8.708,1.5562,8.7,1.166054085,,0.745222535,7.279,0.438366197,6.587,0.273540507,5.843,000,0.167455887,4.964,0.082120601,4.208,0.050750203,1.727,3,3.774,0.042420697,3.285,3,0.429,hh0h,0.027683877,,,,0.37,2.52,,,,,,,
HD 139614,15 40 46,-42 29 53,A7Ve,,0.125554366,8.465,0.106709859,8.249,0.0806,8.41,0.060393239,,0.038597183,7.669,0.022704225,7.333,0.014167437,6.748,000,0.008673014,5.892,0.004253258,5.222,0.002628497,2.386,3,2.047,0.002197088,10.57,3,-0.667,0000,0.001433826,,,,,,,,,,,,
HD 142527,15 56 41,-42 19 23,F6III,,0.994776901,9.014,0.845470423,8.348,0.6386,7.91,0.478500282,,0.305808451,6.503,0.179887324,5.715,0.11224969,4.98,000,0.068716958,4.28,0.033698892,3.343,0.02082578,9.095,3,1.276,0.017407696,11.1,3,-0.785,HHHH,0.011360316,,,,,,,,,,,,
HD 169142,18 24 29,-29 46 49,A7,,0.280082817,8.411,0.23804507,8.163,0.1798,8,0.13472338,,0.086101408,7.31,0.050647887,6.911,0.031604282,6.41,000,0.019347493,6.203,0.009488038,5.65,0.005863569,      null|, null,2.697,0.004901196,8.896,3,-0.632,hhhh,0.003198536,18.4,29.6,23.4,2,0.4,,,,,,,
v751 cyg,20 52 12,+44 19 26,A0e,,1.110673239,14.24,0.943971831,14.01,0.713,13.95,0.534247887,,0.34143662,13.622,0.20084507,13.429,0.125327324,13.237,000,0.076722817,12.804,0.037624977,12.584,0.023252085,      null|,null,11.022,0.019435777,      null|,null,8.56,dd00 ,0.012683848,,,,,,,,,,,,
Brun 216,05 34 14,-05 36 54,F8,11.081,-0.202818592,10.697,-0.172377465,10.219,-0.1302,,-0.09755831,9.425,-0.062349296,8.993,-0.036676056,8.628,-0.022885859,8.279,000,-0.014010254,7.611,-0.006870648,7.102,-0.004246033,0.9096,3,3.88,-0.003549142,1.361,3,1.781,hhdD,-0.002316181,,,,,,,,,,,,
AE Lep,,,Cauley,,,,,,,,,,,,,,,,,,,,,,,,,,,,,,,,,,,,,,,,,,
DW Cma,,,Cauley,,,,,,,,,,,,,,,,,,,,,,,,,,,,,,,,,,,,,,,,,,
HD 244314,,,Cauley,,,,,,,,,,,,,,,,,,,,,,,,,,,,,,,,,,,,,,,,,,
HD 249879,,,Cauley,,,,,,,,,,,,,,,,,,,,,,,,,,,,,,,,,,,,,,,,,,
HD 287823,,,Cauley,,,,,,,,,,,,,,,,,,,,,,,,,,,,,,,,,,,,,,,,,,
HD 290409,,,Cauley,,,,,,,,,,,,,,,,,,,,,,,,,,,,,,,,,,,,,,,,,,
HD 290500,,,Cauley,,,,,,,,,,,,,,,,,,,,,,,,,,,,,,,,,,,,,,,,,,
HD 290764,,,Cauley,,,,,,,,,,,,,,,,,,,,,,,,,,,,,,,,,,,,,,,,,,
HD 290770,,,Cauley,,,,,,,,,,,,,,,,,,,,,,,,,,,,,,,,,,,,,,,,,,
HD 36408,,,Cauley,,,,,,,,,,,,,,,,,,,,,,,,,,,,,,,,,,,,,,,,,,
HD 38120,,,Cauley,,,,,,,,,,,,,,,,,,,,,,,,,,,,,,,,,,,,,,,,,,
IRAS 05044-0325,,,Cauley,,,,,,,,,,,,,,,,,,,,,,,,,,,,,,,,,,,,,,,,,,
IRAS 06071+2925,,,Cauley,,,,,,,,,,,,,,,,,,,,,,,,,,,,,,,,,,,,,,,,,,
IRAS 07061-0414,,,Cauley,,,,,,,,,,,,,,,,,,,,,,,,,,,,,,,,,,,,,,,,,,
IRAS 17481-1415,,,Cauley,,,,,,,,,,,,,,,,,,,,,,,,,,,,,,,,,,,,,,,,,,
IRAS 18306-0500,,,Cauley,,,,,,,,,,,,,,,,,,,,,,,,,,,,,,,,,,,,,,,,,,
IRAS 18454+0250,,,Cauley,,,,,,,,,,,,,,,,,,,,,,,,,,,,,,,,,,,,,,,,,,
IRAS 19343+2926,,,Cauley,,,,,,,,,,,,,,,,,,,,,,,,,,,,,,,,,,,,,,,,,,
MWC 610,,,Cauley,,,,,,,,,,,,,,,,,,,,,,,,,,,,,,,,,,,,,,,,,,
MWC 778,,,Cauley,,,,,,,,,,,,,,,,,,,,,,,,,,,,,,,,,,,,,,,,,,
UY Ori,,,Cauley,,,,,,,,,,,,,,,,,,,,,,,,,,,,,,,,,,,,,,,,,,
V1185 Tau,,,Cauley,,,,,,,,,,,,,,,,,,,,,,,,,,,,,,,,,,,,,,,,,,
V1818 Ori,,,Cauley,,,,,,,,,,,,,,,,,,,,,,,,,,,,,,,,,,,,,,,,,,
V374 Cep,,,Cauley,,,,,,,,,,,,,,,,,,,,,,,,,,,,,,,,,,,,,,,,,,
V718 Sco,,,Cauley,,,,,,,,,,,,,,,,,,,,,,,,,,,,,,,,,,,,,,,,,,
V791 Mon,,,Cauley,,,,,,,,,,,,,,,,,,,,,,,,,,,,,,,,,,,,,,,,,,
